0
35
27
21
17
38
55
82
60
81
64
65
106
105
103
153
109
130
129
114
149
113
196
106
181
218
247
218
337
219
330
399
316
282
297
380
407
325
327
185
375
283
357
436
396
275
214
415
260
347
433
292
349
395
484
367
338
336
533
387
233
484
689
568
490
529
489
496
486
693
973
634
949
526
479
415
686
687
678
557
700
467
609
684
585
703
993
672
847
1043
1240
979
1111
1014
857
1017
1106
1031
1331
1041
1226
862
954
1051
1113
1178
1240
1385
1198
1082
1293
1385
1624
1301
1447
1607
1209
1268
1853
2657
1611
1671
1681
1282
1591
1522
1574
1462
1752
1639
1693
1655
1882
1906
1761
1868
1492
1525
1748
2381
1904
2040
1560
1519
1679
1922
1815
1882
2473
2277
1893
1687
1693
1942
2098
2307
2345
2081
1821
1673
1902
2266
2197
2090
2037
1877
2447
2306
2719
3003
3308
2858
2743
2775
3075
3622
3269
3128
3444
2880
3046
3307
3861
3737
3806
3636
3141
